0,000746844534198205
0,000849034001132523
0,000788176141061002
0,000644874333508503
0,00029754210225745
0,000524553789230911
0,000911683802237038
0,0117941203375953
-0,0129610175883617
-0,00376613602942998
-0,0040106982760341
-0,0136136473336542
0,00879516930798128
-0,0090329139989815
0,0513929500050702
-0,215585814006304
0,0245878563988552
-0,0465405989144376
-0,2980856812994
0,165534810213107
0,210293191577492
-0,0871665009224112
-0,159980608137386
0,0391255761811568
-0,0422454738697754
-0,119312701041194
0,0364676035993685
0,0835586904193514
0,111606073915923
-0,0611740429547664
-0,045595983690286
-0,103291521017294
-0,215380674708743
0,0635751032486
-0,169682443955126
0,261339096695197
-0,0186745688281373
-0,100123622973013
-0,3640337640756
-0,325529643081665
0,175334108099652
-0,30966680563992
0,153964273769506
0,0794173428894758
-0,052249907809876
-0,00671947962698768
-0,0538035660369961
0,195609425627416
-0,0971408900219239
-0,00131240375335182
-0,0194525272692972
0,000874686666363974
0,000386074081029862
0,00043575376783717
0,000411262937931062
0,0099904005889721
-0,000273604860964476
0,012998034144184
-0,00780476773954979
0,00294110612824475
0,00132162595482642
-0,0215033758067881
-0,0114398020585497
0,391840334528233
-0,141382042496643
-0,266979940011455
-0,152892295726996
0,574036141437696
0,341513005065641
-0,720193236409287
-0,219808396524597
-1,02363124174533
-0,116887886984464
-0,978213049033075
-1,02056256229389
1,94349988493847
0,0566395123404507
-0,121261209752351
0,386994461634504
-0,0439089728094299
0,837304219482622
-0,870854187695306
-2,7005668315003
0,798355083214927
0,846652622530625
-0,436300216668945
-0,390324716766624
1,61080687294033
0,915084668383962
-0,289281559300355
0,0525106176638274
0,537066290009249
1,38289234025324
1,15006473407502
-0,925905855596256
0,311691840441961
2,34820108425286
0,223687582707393
0,292302560895414
0,357128247398898
-0,690699830930819
0,652258702005213
-0,217517151336884
1,08339844601019
-0,693289191041672
0,0906281450799953
-0,0578128749425515
-0,0862056498925803
-0,204650087872091
0,00263638602237885
0,52200859952345
0,399566308850241
-0,220309843163696
0,578903427586636
0,0165775036642649
0,0958883979766204
0,0368728893806058
-0,212926258545993
0,0181836370477191
0,410618429171505
0,324384005525921
0,365058450847539
-0,496304247302953
0,545291024434083
1,23110704964142
-0,9529849667631
-0,246716880605417
-0,0161668920298396
1,44477978842749
-0,790968764928019
-0,765583690358829
0,324487060454814
0,0142520453304698
1,61982915826064
-0,224780376012355
-0,557698398352496
-1,12501125885814
0,655612551708951
-2,28402187090237
1,09292424624221
0,126915473698227
-0,448657556853139
-0,349651924966467
2,27246026754502
1,20247178344035
-0,175140987573761
0,733563628732144
-1,55761162302817
0,858255495774867
0,838937444990485
0,887318073453526
0,198765921407162
-0,37641437575094
-0,178654297236991
-0,281873149946368
0,846900211562809
0,0764299693478216
-0,307848666519185
-0,801373732494169
0,606443028663282
0,357343480740158
0,543558507014062
0,0543506000885893
0,197474023535758
-0,869671933862407
-0,41692084528448
-0,0942812838747062
-0,106568711049328
-0,461212047447127
1,96589370878312
-0,156100962236903
0,450431659898306
0,290874764080431
-0,42403980173612
-0,39887066745724
0,115772963714802
0,674305581695845
0,47833063015531
-0,176516514361475
-1,59407325243541
0,89416100255044
-0,492643842403518
-0,436229296067889
-0,215734647653272
1,59046799955035
-0,0902168113827841
-1,78738588531176
0,00660347348985207
-0,290940528936776
2,2796889869013
0,764206585346265
-1,45959415027442
-0,437230601609527
1,17712941935138
-1,73815158386842
1,89400256627955
0,0402853886620998
0,600987446633444
0,397361751314487
0,0838473698499232
0,97055832115987
-0,603728542223252
-1,72240356919624
-2,24705125832563
0,238018315401577
0,614910620741909
1,22891198007117
0,603316549561842
-0,545270878984697
-0,11101101765861
0,160449912703551
1,26448652610858
0,945261890049946
-0,0312498321383837
0,229771790332877
-0,174058832655291
0,570072150044683
1,11519810788928
0,0705947413950526
0,529113882952977
-0,649257549966403
-2,27334194784405
1,46800405484598
-0,697177388687821
-0,360388347054542
1,57338139867648
-0,113367620494738
0,101653373147117
0,599846879508896
-0,0437904148156126
-0,526149454585845
0,39944323987356
0,934734188842602
0,509630176266645
0,119268298882925
-1,38612725971459
0,715666454083183
-0,56747707918982
0,765503928660599
0,0268694342207907
-0,234663633721423
0,956453918658395
-2,49241498652643
1,50143805658887
0,255790149855124
0,547272445111934
-0,54808724386336
-1,35328749508848
-2,05047551068734
-0,303517343571456
-0,542918627540483
-1,28979604070677
0,0377402720306635
-1,02400848858562
0,0823367357327113
-1,34551087839488
1,07222346254539
-0,760568808574383
-1,29845744952088
-0,466240924623461
0,222743315343715
-0,232691876480394
0,683867089260827
0,963014818775478
0,608202991986946
-0,225672766227984
0,048913756860389
1,0083078224298
0,0310525055071052
-0,315638372911272
-0,219214716721448
-0,216102147634068
0,278707054133093
1,17707058394107
0,381819331684288
1,3749975451177
-0,462898689202959
-1,57965377623111
0,175287830618649
0,0738317276353985
-0,227090492569251
1,0152063942779
0,117161687350595
0,0353845750195666
0,783619576510947
-0,80230417161492
-0,931168967171393
0,116164211708238
0,79269227051666
0,334179890734142
-0,147720227137278
-0,123734762107858
0,0241727961730938
0,0218656751417258
1,13601420428077
-0,450652945959715
0,170225089837912
-0,423888431657791
-1,26174253127197
0,941650155248141
0,0918666161986995
0,612853226813697
-1,01519559658094
0,213566221269464
1,11068072198735
-0,957417396244703
-0,162828393525193
-1,29228223770818
1,09325619552858
-0,819110121407354
-0,147969228800917
0,878890620126656
0,727529624504329
0,397844070046621
0,202337514102995
0,779531386295855
1,59304278422233
-0,949047702743553
0,31154591133735
0,493655143805824
0,801063731046506
0,547696947198727
-0,246558179801419
0,7892520287087
0,0307279237836614
-0,392329132097698
-0,137066770933032
0,339335022521964
-0,826718093552577
0,950208347528997
-0,054200063169909
0,0311726530584334
-0,216579820491202
-1,64393207137704
-0,78487846551883
-0,252345331846613
-0,0458854793778854
0,28482554090691
0,0485221182353164
0,0692981580474204
0,123514557629411
-0,217124090683719
-0,218158281423326
0,296753321759886
-0,114250394386133
0,130526423841534
-1,41612188074407
0,247364757275624
-1,00400410772521
0,306002109065941
0,740190793606566
0,403110029747811
2,64358332038904
-1,50733186859846
-0,39040146467421
0,0653689311067838
0,350774241737845
-0,642153996273172
-0,0494674756963862
0,658845530133804
2,27552171533432
-1,1165420636261
-0,903855874518088
-0,0318528218742455
-0,569622990187936
-0,183310684242917
-0,834422516370241
2,10143544857162
1,41576773201065
0,217670346002407
1,2138600300425
-0,649493770233171
1,71660687480854
-0,00997558952412124
0,088583258287547
-0,0846767168832993
0,568989435776613
-0,120035706375853
0,00745030611266527
0,786537991099975
0,532347340581816
-0,0953655665673885
-0,758042516275421
0,355910483064552
-0,036809172038922
0,347050362009054
-0,365879729334729
0,124744653168778
-0,14883736024556
-0,238104668822837
-0,422951074780946
-0,287921193742858
0,000679569886228073
0,000262875963541397
0,000858323765764944
0,000831861630678523
0,000918189233111109
0,000316140021703387
0,000286770891056905
0,435816678336369
-0,244235962108247
0,10123190249701
-0,414332079528835
0,303062461378697
-0,0930375408866966
-0,0413017856602811
0,4033422652944
1,15047429205714
0,958618366561462
-1,8528787233023
-0,447336261437361
-0,0830591041791331
0,922211277394881
-0,198765707918846
0,220994890593754
0,247671328397031
-0,144327795812094
-0,28146813436572
0,969761470107959
0,822514856116844
-0,783963919054615
0,148964449894795
-0,172961473093335
0,588517453747798
0,429902411480401
0,845069474666776
0,117013743128564
-0,472175343589799
0,194435697394881
0,196007204150778
-0,108928356184735
0,193270064911657
0,893002021023495
-0,00577591614347946
-0,185361895286042
-0,151414378085403
-0,0773619748727507
-0,0373653035942349
-0,193434700363158
0,169982614069535
0,175378798523547
0,00178895118039762
0,0459242173769312
0,00115844939754695
-0,0285565603557325
0,00837346148046229
0,00211988934016093
0,0124320621383106
-1,37707358910055
-0,994565492593894
-0,658211543882954
-0,653540930175926
0,51265596141065
-0,186997944321972
0,809424955446997
3,43800390773005
1,51069345730774
1,10988588877185
-0,310780560121816
1,35951358528466
3,74284800255174
2,7916777015945
-1,40598808970671
-2,09389434586428
1,78684859056076
-2,47966766672768
2,5086422225021
-5,67457135913854
3,2010867257272
0,689786065133108
-2,21956253521095
0,270033488600938
2,76014635424071
0,461857181258297
0,986097808105846
1,2119336858881
3,05495326804653
2,37075898956306
0,785605353486082
3,14537561708544
1,80102293003122
0,229051413335985
1,62495800911814
-1,79981439840031
2,66303144004998
-2,74507150747678
-4,1568324511172
-4,53812562294076
-1,6634289838013
-5,53704216725339
-3,38405169805586
-4,58839418166389
-2,68301123897038
-4,19837206260054
1,20726874175023
-3,26549789258936
-2,36346118753813
-3,91691805452197
2,89677095910759
0,11959459495772
1,44596772072092
-1,33470799264616
1,28255343948308
-2,80442454374812
-1,07647252100684
-2,22657318538252
-2,75205185911057
0,740661039305824
-2,29276459782904
-0,420975798646099
-2,16163200960397
3,01509214107902
2,83367974397144
-2,00435585588021
0,0137191359573696
-2,30729446582131
-3,11164118101596
1,50221135965068
-1,51075171655568
1,13140978409964
-1,03492814412036
-2,10704605850726
-3,53198048719801
-2,17522277515464
1,04436643593926
1,37620090648817
0,467580324372562
1,75407117416988
0,353728319073848
3,81821255071445
1,48561969243847
2,00828243467836
1,64456509844742
1,63527527017237
-0,705142052646961
